793
770
651
388
139
736
739
436
600
695
329
116
735
303
576
467
725
526
581
500
730
557
489
791
626
673
113
646
105
274
476
417
352
384
662
236
609
765
580
487
230
859
769
171
481
861
149
706
161
183
784
564
179
452
429
525
682
490
779
455
202
326
176
797
335
821
745
601
475
178
669
738
541
750
703
155
382
140
264
235
816
603
478
151
716
315
144
342
771
212
708
480
606
371
483
304
566
748
692
268
856
233
825
511
804
414
247
366
548
676
331
711
760
709
172
302
117
785
381
354
491
376
731
210
180
555
159
260
551
621
696
617
624
546
416
499
351
753
297
824
829
231
787
127
175
100
309
639
328
842
145
570
291
313
419
582
440
854
269
683
604
690
485
560
744
246
129
332
850
509
649
819
831
277
200
592
